34240
2.4423470353692034
35776
3.6454378640125706
32320
2.978445139894661
26368
2.8298741964101963
22016
3.5706980943123394
7424
3.2935534665349437
30976
3.183833284629816
22592
3.6585899284279093
8256
3.4242597856756527
13952
4.119747831792412
10560
3.7798832085733753
22336
3.747521993715825
14336
4.109624914190496
14656
4.428282805128459
32576
4.072792704590569
35968
4.40450895415523
29248
4.093341690956361
34624
4.363628869661299
40768
4.062734393991354
19776
4.313940032010962
40576
4.741429114908547
32768
5.42142742456871
161280
4.739289884927893
34432
4.729191942807276
32960
5.387113580862409
39744
5.404336904353316
162240
4.715699978582099
19456
4.697367134709469
16768
5.363042973168421
26944
4.6795910129472835
22848
4.2738338584353075
4992
4.663097472552985
162048
4.6491670787883645
39936
5.299812576445715
40832
5.338989660247987
29440
5.334618805745462
27392
8.637381791678909
23040
5.334461440452156
31360
5.329648230349859
33152
5.324739192006634
20352
4.611221924746602
27584
4.604503521124439
29632
5.280174214857767
149760
5.263486381467308
8576
5.2846225048933775
151488
4.561303649867492
31168
4.165679723018618
33280
5.22861989426774
160704
5.233064035468988
9216
5.238677317959178
20544
5.227877445387452
154560
5.232629982592156
11328
5.232092636230263
41536
5.221926907337991
93952
5.21658744336877
35584
5.211150468427916
36992
10.417060890336323
12480
5.201002798950579
17472
5.194971646479319
30464
4.5014184846012135
7872
4.490387677595322
8896
5.152231981371437
11968
9.344336845269476
109056
5.124700267495289
63616
9.179795452558883
35008
5.166147896823223
130112
10.332076802019003
158208
5.160425475490962
27712
5.154702996429145
120576
8.708976151235422
63808
5.148780621301462
18112
5.142992081966355
111488
5.137165294771541
37696
9.586941968782043
108032
10.28002371133359
91456
10.369154717049069
64320
5.13117705677578
123776
10.2623540889756
118592
20.524708156567275
106048
5.125249925548742
130304
5.119323004402036
113600
10.238645968696277
127232
20.469928845393518
134080
14.875597953666142
137600
10.314261145886656
9152
5.1132912789806575
117696
5.107293272958647
120000
10.21458654591327
131328
20.429082580786936
120640
5.101222439599545
100480
10.202444879197682
131072
20.404889758395363
133696
20.610455229157427
2368
9.529102988850818
1600
5.095041382589789
1984
10.190082765177925
12032
5.08889548351631
104512
10.1777909670326
108288
20.3555819340652
132864
40.711163867864364
123264
50.72861848335685
108480
41.20858350503969
137920
62.3377507032557
123584
40.83985788317515
94848
10.202149672684296
99328
9.590208402336252
9856
5.082605446341001
135232
10.165210892681976
137088
20.330421785363953
106496
39.13947033473211
93824
35.48048283003571
137024
20.398046396621595
155904
19.174232327183788
124480
10.207818485642333
4608
9.762101982623948
18688
7.739881761529756
62720
5.075849781331749
83072
10.151699562669418
100096
20.303399125332906
105280
40.60679825066581
110464
81.21359650133162
121664
109.2938746094036
110144
88.83566017836198
112256
177.67132035672395
95744
46.08159075698275
92928
45.86518691095004
107200
91.73037382190007
109952
183.46074764380015
127360
141.7088972759733
118528
126.69615033539665
97344
75.62433490334529
109376
95.34688882551525
115776
70.19143410903952
89600
20.683681815299607
119360
41.367363630599215
125312
82.73472726119843
121344
49.19551949359202
156544
17.97615700121936
88832
5.0695844014892355
6208
10.139168802988541
9920
20.278337704386168
65344
nan
14912
nan
18560
nan
23552
nan
28480
nan
51968
nan
60800
nan
82752
nan
159168
nan
120704
nan
6016
inf
129600
nan
112384
inf
118144
inf
123968
inf
130176
inf
131392
inf
135360
inf
136384
inf
136704
inf
138176
inf
140864
inf
115520
inf
133120
690.4989338726224
138688
576.7978124510942
138816
inf
108672
467.3983740494704
126464
inf
136256
inf
138048
inf
139264
inf
140416
inf
121024
405.6647190873248
122880
inf
97152
313.0213905097946
98432
626.0427810195893
105792
inf
126400
inf
128384
inf
131008
inf
132480
inf
133632
inf
124352
354.3096573437768
91520
187.66273820813987
97472
375.32547641627974
128960
103.4504055993661
134336
206.9008111987322
138240
413.8016223974644
152576
29.04305522921002
99200
27.044580077609993
110336
54.089160155219986
121920
20.402652811300296
9600
5.063279534492835
93632
10.126559068985651
64256
20.2531182904458
23360
inf
128064
nan
111680
nan
98496
inf
107008
inf
108096
inf
119424
inf
119488
inf
121472
inf
124736
inf
126080
inf
127040
inf
128640
inf
129280
inf
129344
inf
130432
inf
130752
inf
130816
inf
131712
inf
132992
inf
133440
inf
134592
inf
134848
inf
135040
inf
136128
inf
137536
inf
138368
inf
138432
inf
139904
inf
105088
98.3784687413855
123328
40.799000756984185
29056
18.179292119145245
11840
5.056934652383591
2624
10.113869304772091
154368
20.227738813370095
29888
14.862440621889746
6464
5.0505489151787195
14976
10.101097830359429
17984
20.20219581891114
8640
inf
20608
nan
88064
nan
17152
nan
115648
nan
89856
inf
151168
nan
90176
nan
90432
inf
92224
inf
92480
inf
93888
inf
94400
inf
95424
inf
96064
inf
96256
inf
96768
inf
99072
inf
99264
inf
100864
inf
104000
inf
107648
inf
107776
inf
108416
inf
108800
inf
109632
inf
111808
inf
116544
inf
117120
inf
118272
inf
119552
inf
121984
inf
123648
inf
125568
inf
125824
inf
126528
inf
127488
inf
128832
inf
129728
inf
131840
inf
131904
inf
133056
inf
133184
inf
134400
inf
135744
inf
136448
inf
136512
inf
136896
inf
137216
inf
137408
inf
140608
inf
140672
inf
131136
573.1426763070845
121536
392.2480427055757
140992
81.58527089465422
115584
79.88440641462816
127424
29.7184958571433
37184
19.492241916647963
150400
19.007934700174562
3136
5.044122484622485
2944
10.08824496924745
31680
20.176490094852912
28032
nan
37824
nan
41472
nan
49088
nan
49856
nan
55936
nan
58496
nan
59008
nan
64192
nan
127296
nan
91136
nan
97792
nan
5760
inf
48576
nan
155648
nan
8960
inf
11392
inf
27200
nan
15168
inf
18304
inf
23232
inf
37888
inf
97856
inf
101120
inf
103808
inf
107072
inf
107264
inf
109504
inf
112192
inf
112896
inf
115328
inf
116992
inf
119104
inf
119808
inf
121088
inf
122624
inf
123072
inf
124416
inf
126144
inf
126208
inf
126592
inf
128192
inf
129408
inf
130880
inf
133504
inf
133760
inf
134656
inf
135104
inf
135936
inf
137792
inf
97216
159.33816698532962
87808
108.15285839357519
26688
26.280405392991756
704
5.037654496885782
1216
10.075308993777524
5440
20.150618061036955
11712
nan
86912
nan
5056
nan
12672
nan
91840
222.0044969314009
5632
nan
20096
nan
95104
514.7100062799162
8320
nan
3328
nan
96896
inf
9664
nan
12864
nan
98048
inf
12928
nan
15424
nan
98624
inf
15552
nan
17728
nan
99712
inf
19840
nan
20800
nan
104576
inf
20928
nan
21056
nan
106112
inf
21120
nan
22656
nan
108160
inf
27776
nan
27904
nan
109312
inf
27968
nan
28800
nan
114496
inf
30016
nan
31808
nan
122688
inf
31872
nan
31936
nan
124864
inf
33536
nan
33664
nan
125632
inf
34944
nan
35136
nan
156736
inf
35200
nan
35264
nan
157248
inf
36288
nan
36416
nan
159744
inf
36608
nan
37632
nan
161088
inf
37952
nan
39232
nan
161600
inf
39872
nan
40960
nan
162304
inf
41728
nan
48640
nan
23424
35.63818828100899
29952
nan
40128
inf
41024
35.35050620855721
41088
nan
142784
20.322778622191418
15232
10.845954348616893
23488
21.691908558149162
18432
nan
29824
36.04365338911715
41664
nan
12544
10.238602049100303
30080
20.477204139889064
42752
inf
1664
5.031088794201414
2048
10.062177588409922
3392
20.124355320502982
3200
inf
96704
nan
4160
inf
4352
inf
4480
inf
4544
inf
4672
inf
5376
inf
5504
inf
5696
inf
6272
inf
6592
inf
7744
inf
7808
inf
7936
inf
9472
inf
9792
inf
10688
inf
11008
inf
11072
inf
11264
inf
12736
inf
12800
inf
13568
inf
14592
inf
15616
inf
15744
inf
15808
inf
16064
inf
16256
inf
17408
inf
17920
inf
18176
inf
18496
inf
18752
inf
19520
inf
19712
inf
21696
inf
23104
inf
26048
inf
26432
inf
27136
inf
28992
inf
29504
inf
30208
inf
30784
inf
33344
inf
33472
inf
33792
inf
34816
inf
35072
inf
36096
inf
36672
inf
36800
inf
36928
inf
37120
inf
43648
inf
43712
inf
44416
inf
44736
inf
45248
inf
45888
inf
46336
inf
46912
inf
47744
inf
48128
inf
48960
inf
49664
inf
50624
inf
51072
inf
51456
inf
52800
inf
53120
inf
53376
inf
55680
inf
56192
inf
57344
inf
58112
inf
58560
inf
58880
inf
60288
inf
61184
inf
61312
inf
61376
inf
61760
inf
62400
inf
63936
inf
69696
inf
71488
inf
71680
inf
81280
inf
86528
inf
87616
inf
87680
inf
87872
inf
88192
inf
88256
inf
88576
inf
88704
inf
89024
inf
89536
inf
89920
inf
90112
inf
90240
inf
90304
inf
90496
inf
90560
inf
90816
inf
91008
inf
91584
inf
91776
inf
92160
inf
92992
inf
93056
inf
94336
inf
94528
inf
94656
inf
94784
inf
94912
inf
95488
inf
95936
inf
97536
inf
97664
inf
97920
inf
97984
inf
98112
inf
98560
inf
99008
inf
99584
inf
99776
inf
99904
inf
100608
inf
100736
inf
100800
inf
100992
inf
101056
inf
101184
inf
101440
inf
102976
inf
103040
inf
103232
inf
103488
inf
103552
inf
103744
inf
103936
inf
104192
inf
104256
inf
104384
inf
104640
inf
104832
inf
105472
inf
106880
inf
107456
inf
107840
inf
107968
inf
108736
inf
108928
inf
109568
inf
109696
inf
109824
inf
109888
inf
110528
inf
110592
inf
110656
inf
111552
inf
111936
inf
112000
inf
112576
inf
112704
inf
113024
inf
114048
inf
114176
inf
114624
inf
114752
inf
115072
inf
115136
inf
115712
inf
115968
inf
116416
inf
116608
inf
116736
inf
116928
inf
117184
inf
117312
inf
118016
inf
118080
inf
118400
inf
118720
inf
118848
inf
119040
inf
119296
inf
119744
inf
120256
inf
120832
inf
121280
inf
121856
inf
122048
inf
122304
inf
122944
inf
123136
inf
123392
inf
123712
inf
123904
inf
124160
inf
124608
inf
125056
inf
125184
inf
125248
inf
125440
inf
125952
inf
126720
inf
126784
inf
126848
inf
126912
inf
127552
inf
127680
inf
127744
inf
128320
inf
128448
inf
128512
inf
128704
inf
128896
inf
129664
inf
131520
inf
132096
inf
132160
inf
132416
inf
134912
inf
141824
inf
143616
inf
143744
inf
143808
inf
143936
inf
144640
inf
145600
inf
145664
inf
145920
inf
147264
inf
151232
inf
152832
inf
153920
inf
154112
inf
154304
inf
155392
inf
156352
inf
156608
inf
156864
inf
157504
inf
157696
inf
158080
inf
158528
inf
159488
inf
160128
inf
160256
inf
161216
inf
161856
inf
89984
214.90403886162477
50112
36.7368005696771
117568
36.7368005696771
154688
36.7368005696771
157568
36.7368005696771
160384
36.7368005696771
11648
36.04365338911715
15488
36.04365338911715
108992
36.04365338911715
115456
36.04365338911715
129472
36.04365338911715
3776
25.4141885114212
20032
50.82836247211753
14272
19.52765770324724
37312
inf
10880
18.003063173463207
44672
36.006126346926415
53056
11.789409539724621
121600
9.103762655675094
6976
12.84657451262567
107392
25.693174981637423
5312
5.024413409788238
5952
10.048826819580755
64
20.097653792172196
1024
inf
128
nan
256
nan
320
nan
512
nan
640
nan
832
nan
1280
nan
1408
nan
1472
nan
1792
nan
1856
nan
2176
nan
2240
nan
2432
nan
2560
nan
2752
nan
2816
nan
3008
nan
3584
nan
3648
nan
3840
nan
3968
nan
4032
nan
4096
nan
4288
nan
4416
nan
4864
nan
5120
nan
5184
nan
5888
nan
6080
nan
6336
nan
6528
nan
6784
nan
6912
nan
7168
nan
7232
nan
7360
nan
7488
nan
7616
nan
7680
nan
8064
nan
8128
nan
8192
nan
8384
nan
8448
nan
8512
nan
8768
nan
9088
nan
9280
nan
9536
nan
9728
nan
10048
nan
10112
nan
10368
nan
10432
nan
10624
nan
10752
nan
10816
nan
11136
nan
11200
nan
11456
nan
11520
nan
11584
nan
11776
nan
11904
nan
12096
nan
12224
nan
12608
nan
13056
nan
13376
nan
13504
nan
13824
nan
13888
nan
14016
nan
14144
nan
14208
nan
14464
nan
14528
nan
14784
nan
14848
nan
15104
nan
15296
nan
15936
nan
16000
nan
16128
nan
16384
nan
16576
nan
16640
nan
16704
nan
16832
nan
16960
nan
17024
nan
17088
nan
17280
nan
17344
nan
17536
nan
17600
nan
17792
nan
18048
nan
18240
nan
18368
nan
18880
nan
18944
nan
19072
nan
19136
nan
19264
nan
19328
nan
19904
nan
19968
nan
20224
nan
20288
nan
20416
nan
20480
nan
20672
nan
20992
nan
21184
nan
21248
nan
21312
nan
21504
nan
21568
nan
21632
nan
21888
nan
22144
nan
22208
nan
22272
nan
22464
nan
22720
nan
22784
nan
22976
nan
23168
nan
23296
nan
26240
nan
26560
nan
26624
nan
26816
nan
27072
nan
27264
nan
27328
nan
27520
nan
27648
nan
28160
nan
28288
nan
28352
nan
28608
nan
28672
nan
28736
nan
28928
nan
29120
nan
29184
nan
29376
nan
29568
nan
29696
nan
30400
nan
30656
nan
30848
nan
30912
nan
31104
nan
31296
nan
31424
nan
31488
nan
31616
nan
31744
nan
32704
nan
32896
nan
33088
nan
33920
nan
34112
nan
34176
nan
34368
nan
34560
nan
34688
nan
34880
nan
35328
nan
35712
nan
35904
nan
36032
nan
36224
nan
36352
nan
36544
nan
37248
nan
37568
nan
37760
nan
39360
nan
39808
nan
40000
nan
40640
nan
41152
nan
41344
nan
42368
nan
43264
nan
43392
nan
43456
nan
43520
nan
43776
nan
43840
nan
43904
nan
43968
nan
44096
nan
44160
nan
44224
nan
44288
nan
44352
nan
44480
nan
44544
nan
44608
nan
44800
nan
44864
nan
44928
nan
44992
nan
45056
nan
45184
nan
45312
nan
45376
nan
45440
nan
45504
nan
45568
nan
45632
nan
45696
nan
45952
nan
46016
nan
46144
nan
46208
nan
46464
nan
46528
nan
46592
nan
46720
nan
46848
nan
47040
nan
47104
nan
47168
nan
47232
nan
47296
nan
47360
nan
47424
nan
47552
nan
47616
nan
47808
nan
47872
nan
47936
nan
48000
nan
48192
nan
48256
nan
48320
nan
48384
nan
48448
nan
48512
nan
48704
nan
48768
nan
48832
nan
48896
nan
49024
nan
49152
nan
49280
nan
49344
nan
49408
nan
49472
nan
49536
nan
49728
nan
49792
nan
49920
nan
50048
nan
50240
nan
50304
nan
50368
nan
50560
nan
50688
nan
50752
nan
50816
nan
51008
nan
51136
nan
51200
nan
51328
nan
51392
nan
51520
nan
51584
nan
51712
nan
51776
nan
51840
nan
51904
nan
52032
nan
52160
nan
52224
nan
52288
nan
52416
nan
